double Efficiency[2][NumOfMomHist][NbinCos] = { 
{ {  0.378,  0.435,  0.405,  0.435,  0.557,  0.652,  0.665,  0.630,  0.671,  0.713,  0.685,  0.700,  0.690,  0.597,  0.678,  0.631,  0.596,  0.526,  0.531,  0.400}, 
{  0.436,  0.407,  0.492,  0.518,  0.689,  0.718,  0.759,  0.703,  0.745,  0.770,  0.699,  0.742,  0.713,  0.735,  0.661,  0.700,  0.652,  0.676,  0.507,  0.600}, 
{  0.514,  0.492,  0.548,  0.556,  0.719,  0.718,  0.627,  0.633,  0.702,  0.615,  0.780,  0.698,  0.688,  0.651,  0.625,  0.710,  0.778,  0.500,  0.593,  0.000}}, 
{ {  0.378,  0.428,  0.393,  0.426,  0.536,  0.629,  0.625,  0.610,  0.647,  0.671,  0.635,  0.687,  0.676,  0.574,  0.652,  0.602,  0.554,  0.506,  0.522,  0.400}, 
{  0.436,  0.407,  0.467,  0.504,  0.652,  0.661,  0.723,  0.653,  0.695,  0.706,  0.677,  0.702,  0.667,  0.686,  0.589,  0.622,  0.587,  0.634,  0.479,  0.600}, 
{  0.486,  0.492,  0.524,  0.486,  0.672,  0.628,  0.576,  0.583,  0.684,  0.538,  0.746,  0.604,  0.625,  0.512,  0.518,  0.516,  0.741,  0.308,  0.481,  0.000}}};
double Efficiency_err[2][NumOfMomHist][NbinCos] = { 
{ {  0.056,  0.042,  0.038,  0.033,  0.032,  0.030,  0.028,  0.030,  0.030,  0.029,  0.033,  0.030,  0.032,  0.033,  0.031,  0.031,  0.035,  0.040,  0.047,  0.219}, 
{  0.067,  0.045,  0.045,  0.042,  0.040,  0.040,  0.037,  0.042,  0.037,  0.037,  0.040,  0.039,  0.040,  0.044,  0.045,  0.048,  0.050,  0.056,  0.059,  0.219}, 
{  0.082,  0.065,  0.054,  0.059,  0.056,  0.051,  0.063,  0.062,  0.061,  0.078,  0.054,  0.063,  0.082,  0.073,  0.065,  0.082,  0.080,  0.098,  0.095,  0.000}}, 
{ {  0.056,  0.042,  0.038,  0.033,  0.032,  0.030,  0.029,  0.031,  0.030,  0.030,  0.034,  0.031,  0.032,  0.034,  0.031,  0.031,  0.036,  0.040,  0.047,  0.219}, 
{  0.067,  0.045,  0.045,  0.042,  0.041,  0.043,  0.038,  0.044,  0.039,  0.041,  0.041,  0.041,  0.042,  0.046,  0.046,  0.051,  0.051,  0.057,  0.058,  0.219}, 
{  0.082,  0.065,  0.054,  0.059,  0.059,  0.055,  0.064,  0.064,  0.062,  0.080,  0.057,  0.067,  0.086,  0.076,  0.067,  0.090,  0.084,  0.091,  0.096,  0.000}}};
