double Acceptance[NumOfMom][NbinCos] = { 
{  0.083,  0.067,  0.308,  0.200,  0.333,  0.350,  0.111,  0.556,  0.267,  0.364,  0.143,  0.167,  0.133,  0.000,  0.000,  0.000,  0.000,  0.000,  0.000,  0.000}, 
{  0.038,  0.136,  0.144,  0.238,  0.203,  0.263,  0.234,  0.323,  0.295,  0.388,  0.320,  0.296,  0.243,  0.045,  0.019,  0.000,  0.000,  0.006,  0.000,  0.000}, 
{  0.045,  0.160,  0.165,  0.211,  0.206,  0.237,  0.214,  0.277,  0.328,  0.313,  0.346,  0.318,  0.300,  0.150,  0.033,  0.007,  0.009,  0.000,  0.004,  0.014}, 
{  0.092,  0.121,  0.152,  0.198,  0.226,  0.168,  0.204,  0.239,  0.230,  0.282,  0.296,  0.293,  0.282,  0.205,  0.062,  0.000,  0.000,  0.014,  0.000,  0.005}, 
{  0.097,  0.170,  0.207,  0.200,  0.228,  0.197,  0.207,  0.218,  0.307,  0.219,  0.335,  0.347,  0.369,  0.269,  0.174,  0.051,  0.005,  0.000,  0.005,  0.005}, 
{  0.165,  0.146,  0.179,  0.190,  0.205,  0.197,  0.213,  0.116,  0.148,  0.256,  0.246,  0.371,  0.405,  0.279,  0.159,  0.075,  0.012,  0.007,  0.006,  0.006}, 
{  0.100,  0.161,  0.220,  0.204,  0.138,  0.202,  0.209,  0.194,  0.170,  0.209,  0.220,  0.218,  0.327,  0.328,  0.242,  0.111,  0.008,  0.000,  0.000,  0.016}, 
{  0.103,  0.157,  0.229,  0.143,  0.207,  0.144,  0.185,  0.244,  0.230,  0.177,  0.200,  0.179,  0.343,  0.227,  0.269,  0.122,  0.037,  0.011,  0.000,  0.000}, 
{  0.106,  0.193,  0.162,  0.186,  0.111,  0.268,  0.295,  0.134,  0.175,  0.290,  0.131,  0.277,  0.270,  0.373,  0.274,  0.183,  0.015,  0.000,  0.000,  0.000}, 
{  0.214,  0.182,  0.147,  0.140,  0.323,  0.157,  0.132,  0.240,  0.229,  0.245,  0.280,  0.180,  0.250,  0.385,  0.241,  0.119,  0.052,  0.000,  0.000,  0.000}, 
{  0.185,  0.200,  0.188,  0.167,  0.104,  0.136,  0.304,  0.143,  0.174,  0.233,  0.151,  0.162,  0.204,  0.271,  0.379,  0.234,  0.169,  0.000,  0.000,  0.000}, 
{  0.205,  0.128,  0.214,  0.167,  0.087,  0.182,  0.279,  0.286,  0.257,  0.261,  0.286,  0.152,  0.150,  0.189,  0.408,  0.282,  0.191,  0.000,  0.000,  0.000}, 
{  0.109,  0.300,  0.190,  0.128,  0.200,  0.208,  0.175,  0.191,  0.229,  0.278,  0.175,  0.094,  0.200,  0.296,  0.263,  0.222,  0.194,  0.027,  0.000,  0.000}, 
{  0.120,  0.059,  0.033,  0.125,  0.179,  0.226,  0.182,  0.265,  0.241,  0.132,  0.250,  0.135,  0.273,  0.182,  0.240,  0.270,  0.138,  0.000,  0.000,  0.000}, 
{  0.000,  0.125,  0.119,  0.125,  0.175,  0.250,  0.263,  0.067,  0.241,  0.250,  0.216,  0.167,  0.300,  0.088,  0.206,  0.375,  0.283,  0.071,  0.028,  0.000}, 
{  0.121,  0.056,  0.037,  0.179,  0.097,  0.143,  0.103,  0.241,  0.189,  0.115,  0.233,  0.172,  0.281,  0.226,  0.344,  0.500,  0.304,  0.059,  0.000,  0.027}, 
{  0.048,  0.062,  0.000,  0.087,  0.125,  0.200,  0.235,  0.231,  0.062,  0.308,  0.176,  0.133,  0.333,  0.211,  0.375,  0.421,  0.348,  0.148,  0.048,  0.000}, 
{  0.000,  0.000,  0.000,  0.000,  0.000,  0.071,  0.133,  0.000,  0.200,  0.333,  0.214,  0.000,  0.333,  0.143,  0.125,  0.308,  0.250,  0.000,  0.000,  0.000}, 
{  0.000,  0.000,  0.000,  0.000,  0.000,  0.333,  0.200,  0.000,  0.000,  0.000,  0.000,  0.000,  0.143,  0.000,  0.250,  0.400,  0.000,  0.125,  0.000,  0.000}, 
{  0.000,  0.000,  0.000,  0.000,  0.000,  0.000,  0.000,  0.000,  1.000,  0.000,  0.000,  0.000,  0.000,  0.000,  0.000,  0.000,  0.000,  0.000,  0.000,  0.000}};
double Acceptance_err[NumOfMom][NbinCos] = { 
{  0.080,  0.064,  0.128,  0.103,  0.192,  0.107,  0.105,  0.166,  0.114,  0.145,  0.132,  0.108,  0.088,  0.000,  0.000,  0.000,  0.000,  0.000,  0.000,  0.000}, 
{  0.015,  0.029,  0.028,  0.036,  0.034,  0.035,  0.032,  0.037,  0.035,  0.037,  0.038,  0.038,  0.033,  0.018,  0.011,  0.000,  0.000,  0.006,  0.000,  0.000}, 
{  0.014,  0.023,  0.024,  0.026,  0.026,  0.026,  0.025,  0.029,  0.030,  0.029,  0.031,  0.028,  0.029,  0.023,  0.012,  0.005,  0.006,  0.000,  0.004,  0.008}, 
{  0.020,  0.021,  0.023,  0.026,  0.026,  0.024,  0.025,  0.027,  0.027,  0.028,  0.029,  0.029,  0.027,  0.026,  0.017,  0.000,  0.000,  0.008,  0.000,  0.005}, 
{  0.021,  0.027,  0.030,  0.028,  0.030,  0.027,  0.029,  0.030,  0.033,  0.029,  0.032,  0.037,  0.034,  0.031,  0.027,  0.017,  0.005,  0.000,  0.005,  0.005}, 
{  0.028,  0.029,  0.030,  0.032,  0.032,  0.033,  0.030,  0.027,  0.026,  0.034,  0.033,  0.037,  0.038,  0.036,  0.030,  0.021,  0.008,  0.007,  0.006,  0.006}, 
{  0.030,  0.030,  0.038,  0.039,  0.032,  0.038,  0.039,  0.040,  0.036,  0.034,  0.040,  0.038,  0.045,  0.042,  0.039,  0.027,  0.008,  0.000,  0.000,  0.011}, 
{  0.033,  0.040,  0.040,  0.035,  0.042,  0.037,  0.040,  0.046,  0.045,  0.043,  0.042,  0.039,  0.058,  0.048,  0.043,  0.035,  0.021,  0.011,  0.000,  0.000}, 
{  0.038,  0.052,  0.045,  0.046,  0.037,  0.059,  0.058,  0.038,  0.048,  0.055,  0.043,  0.056,  0.056,  0.059,  0.049,  0.046,  0.015,  0.000,  0.000,  0.000}, 
{  0.063,  0.052,  0.043,  0.046,  0.058,  0.051,  0.047,  0.060,  0.050,  0.059,  0.063,  0.049,  0.062,  0.067,  0.056,  0.042,  0.025,  0.000,  0.000,  0.000}, 
{  0.053,  0.060,  0.056,  0.054,  0.044,  0.052,  0.068,  0.044,  0.056,  0.064,  0.049,  0.061,  0.055,  0.064,  0.064,  0.062,  0.049,  0.000,  0.000,  0.000}, 
{  0.065,  0.049,  0.063,  0.058,  0.042,  0.058,  0.068,  0.076,  0.074,  0.065,  0.070,  0.062,  0.056,  0.064,  0.070,  0.072,  0.057,  0.000,  0.000,  0.000}, 
{  0.042,  0.072,  0.061,  0.049,  0.073,  0.059,  0.060,  0.057,  0.071,  0.075,  0.060,  0.052,  0.068,  0.088,  0.071,  0.062,  0.066,  0.027,  0.000,  0.000}, 
{  0.065,  0.040,  0.033,  0.058,  0.061,  0.075,  0.067,  0.076,  0.079,  0.055,  0.072,  0.056,  0.078,  0.067,  0.085,  0.073,  0.064,  0.000,  0.000,  0.000}, 
{  0.000,  0.058,  0.050,  0.058,  0.060,  0.072,  0.071,  0.046,  0.079,  0.082,  0.068,  0.062,  0.084,  0.049,  0.069,  0.077,  0.062,  0.040,  0.027,  0.000}, 
{  0.057,  0.054,  0.036,  0.072,  0.053,  0.076,  0.057,  0.079,  0.064,  0.063,  0.077,  0.070,  0.079,  0.075,  0.084,  0.107,  0.096,  0.040,  0.000,  0.027}, 
{  0.046,  0.061,  0.000,  0.059,  0.083,  0.089,  0.103,  0.117,  0.061,  0.128,  0.092,  0.088,  0.103,  0.094,  0.099,  0.113,  0.099,  0.068,  0.046,  0.000}, 
{  0.000,  0.000,  0.000,  0.000,  0.000,  0.069,  0.088,  0.000,  0.103,  0.136,  0.110,  0.000,  0.157,  0.132,  0.117,  0.128,  0.125,  0.000,  0.000,  0.000}, 
{  0.000,  0.000,  0.000,  0.000,  0.000,  0.192,  0.179,  0.000,  0.000,  0.000,  0.000,  0.000,  0.132,  0.000,  0.217,  0.219,  0.000,  0.117,  0.000,  0.000}, 
{  0.000,  0.000,  0.000,  0.000,  0.000,  0.000,  0.000,  0.000,  0.000,  0.000,  0.000,  0.000,  0.000,  0.000,  0.000,  0.000,  0.000,  0.000,  0.000,  0.000}};
