double Acceptance[NumOfMom][NbinCos] = { 
{  0.083,  0.200,  0.462,  0.400,  0.667,  0.700,  0.556,  1.000,  0.733,  0.818,  0.571,  0.583,  0.133,  0.000,  0.000,  0.000,  0.000,  0.000,  0.000,  0.000}, 
{  0.070,  0.214,  0.388,  0.455,  0.594,  0.705,  0.673,  0.805,  0.861,  0.876,  0.830,  0.739,  0.562,  0.197,  0.019,  0.000,  0.000,  0.006,  0.000,  0.000}, 
{  0.157,  0.282,  0.360,  0.466,  0.476,  0.579,  0.609,  0.714,  0.830,  0.851,  0.893,  0.832,  0.739,  0.366,  0.091,  0.004,  0.009,  0.000,  0.000,  0.009}, 
{  0.193,  0.314,  0.414,  0.519,  0.502,  0.443,  0.560,  0.575,  0.715,  0.788,  0.844,  0.815,  0.813,  0.519,  0.148,  0.009,  0.000,  0.014,  0.000,  0.005}, 
{  0.243,  0.305,  0.404,  0.449,  0.485,  0.471,  0.515,  0.534,  0.620,  0.657,  0.756,  0.871,  0.820,  0.682,  0.428,  0.068,  0.005,  0.000,  0.005,  0.005}, 
{  0.347,  0.382,  0.488,  0.458,  0.494,  0.503,  0.537,  0.466,  0.533,  0.671,  0.671,  0.840,  0.773,  0.753,  0.531,  0.138,  0.024,  0.000,  0.006,  0.000}, 
{  0.300,  0.348,  0.390,  0.454,  0.319,  0.421,  0.545,  0.551,  0.519,  0.626,  0.679,  0.723,  0.813,  0.768,  0.592,  0.185,  0.023,  0.000,  0.000,  0.016}, 
{  0.218,  0.349,  0.450,  0.398,  0.457,  0.467,  0.511,  0.535,  0.517,  0.582,  0.533,  0.526,  0.746,  0.800,  0.721,  0.456,  0.086,  0.011,  0.000,  0.000}, 
{  0.348,  0.263,  0.397,  0.371,  0.361,  0.446,  0.721,  0.463,  0.619,  0.536,  0.475,  0.631,  0.746,  0.881,  0.738,  0.592,  0.046,  0.000,  0.000,  0.000}, 
{  0.310,  0.327,  0.368,  0.351,  0.523,  0.431,  0.434,  0.580,  0.571,  0.472,  0.620,  0.541,  0.500,  0.692,  0.741,  0.508,  0.117,  0.000,  0.000,  0.000}, 
{  0.444,  0.400,  0.396,  0.562,  0.500,  0.432,  0.522,  0.444,  0.630,  0.581,  0.415,  0.514,  0.648,  0.729,  0.862,  0.787,  0.356,  0.000,  0.000,  0.018}, 
{  0.359,  0.362,  0.429,  0.333,  0.478,  0.523,  0.372,  0.629,  0.543,  0.500,  0.667,  0.545,  0.550,  0.730,  0.776,  0.846,  0.426,  0.000,  0.000,  0.000}, 
{  0.345,  0.400,  0.333,  0.383,  0.467,  0.542,  0.375,  0.468,  0.400,  0.556,  0.425,  0.375,  0.600,  0.667,  0.737,  0.756,  0.500,  0.054,  0.000,  0.000}, 
{  0.280,  0.147,  0.267,  0.406,  0.436,  0.323,  0.424,  0.471,  0.552,  0.579,  0.583,  0.486,  0.667,  0.576,  0.640,  0.757,  0.621,  0.020,  0.000,  0.000}, 
{  0.114,  0.156,  0.238,  0.156,  0.325,  0.389,  0.526,  0.567,  0.379,  0.821,  0.459,  0.472,  0.533,  0.382,  0.471,  0.825,  0.660,  0.190,  0.028,  0.000}, 
{  0.030,  0.111,  0.111,  0.107,  0.129,  0.238,  0.448,  0.586,  0.486,  0.538,  0.500,  0.655,  0.531,  0.516,  0.625,  0.909,  0.696,  0.206,  0.000,  0.027}, 
{  0.048,  0.000,  0.087,  0.130,  0.188,  0.150,  0.235,  0.385,  0.438,  0.615,  0.412,  0.600,  0.619,  0.526,  0.583,  0.789,  0.696,  0.222,  0.048,  0.000}, 
{  0.000,  0.000,  0.000,  0.000,  0.000,  0.000,  0.133,  0.111,  0.467,  0.750,  0.643,  0.300,  0.333,  0.571,  0.500,  0.769,  0.667,  0.286,  0.000,  0.000}, 
{  0.000,  0.000,  0.000,  0.000,  0.000,  0.167,  0.200,  0.000,  0.000,  0.500,  0.429,  0.000,  0.857,  0.000,  0.500,  0.800,  0.500,  0.250,  0.000,  0.000}, 
{  0.000,  0.000,  0.000,  0.000,  0.000,  0.000,  0.000,  0.000,  1.000,  1.000,  0.000,  0.000,  0.000,  0.000,  0.500,  0.000,  1.000,  0.000,  0.000,  0.000}};
double Acceptance_err[NumOfMom][NbinCos] = { 
{  0.080,  0.103,  0.138,  0.126,  0.192,  0.102,  0.166,  0.000,  0.114,  0.116,  0.187,  0.142,  0.088,  0.000,  0.000,  0.000,  0.000,  0.000,  0.000,  0.000}, 
{  0.020,  0.035,  0.039,  0.042,  0.041,  0.037,  0.036,  0.031,  0.027,  0.025,  0.031,  0.037,  0.038,  0.035,  0.011,  0.000,  0.000,  0.006,  0.000,  0.000}, 
{  0.024,  0.028,  0.031,  0.031,  0.032,  0.030,  0.029,  0.029,  0.024,  0.022,  0.020,  0.022,  0.028,  0.031,  0.020,  0.004,  0.006,  0.000,  0.000,  0.007}, 
{  0.027,  0.030,  0.032,  0.032,  0.031,  0.032,  0.031,  0.031,  0.029,  0.025,  0.023,  0.025,  0.023,  0.032,  0.024,  0.006,  0.000,  0.008,  0.000,  0.005}, 
{  0.030,  0.033,  0.036,  0.035,  0.035,  0.033,  0.036,  0.036,  0.035,  0.033,  0.029,  0.026,  0.027,  0.033,  0.035,  0.019,  0.005,  0.000,  0.005,  0.005}, 
{  0.037,  0.040,  0.039,  0.040,  0.040,  0.041,  0.036,  0.041,  0.037,  0.037,  0.036,  0.028,  0.033,  0.035,  0.041,  0.027,  0.012,  0.000,  0.006,  0.000}, 
{  0.046,  0.038,  0.045,  0.048,  0.043,  0.046,  0.047,  0.050,  0.049,  0.041,  0.045,  0.041,  0.038,  0.038,  0.045,  0.033,  0.013,  0.000,  0.000,  0.011}, 
{  0.044,  0.052,  0.048,  0.049,  0.052,  0.053,  0.052,  0.054,  0.054,  0.055,  0.053,  0.051,  0.053,  0.046,  0.044,  0.052,  0.031,  0.011,  0.000,  0.000}, 
{  0.059,  0.058,  0.059,  0.058,  0.057,  0.066,  0.057,  0.055,  0.061,  0.060,  0.064,  0.060,  0.055,  0.040,  0.048,  0.058,  0.026,  0.000,  0.000,  0.000}, 
{  0.071,  0.063,  0.058,  0.063,  0.062,  0.069,  0.068,  0.070,  0.059,  0.069,  0.069,  0.064,  0.072,  0.064,  0.057,  0.065,  0.037,  0.000,  0.000,  0.000}, 
{  0.068,  0.073,  0.071,  0.072,  0.072,  0.075,  0.074,  0.063,  0.071,  0.075,  0.068,  0.082,  0.065,  0.064,  0.045,  0.060,  0.062,  0.000,  0.000,  0.018}, 
{  0.077,  0.070,  0.076,  0.073,  0.074,  0.075,  0.074,  0.082,  0.084,  0.074,  0.073,  0.087,  0.079,  0.073,  0.060,  0.058,  0.072,  0.000,  0.000,  0.000}, 
{  0.064,  0.077,  0.073,  0.071,  0.091,  0.072,  0.077,  0.073,  0.083,  0.083,  0.078,  0.086,  0.083,  0.091,  0.071,  0.064,  0.083,  0.037,  0.000,  0.000}, 
{  0.090,  0.061,  0.081,  0.087,  0.079,  0.084,  0.086,  0.086,  0.092,  0.080,  0.082,  0.082,  0.082,  0.086,  0.096,  0.071,  0.090,  0.020,  0.000,  0.000}, 
{  0.054,  0.064,  0.066,  0.064,  0.074,  0.081,  0.081,  0.090,  0.090,  0.072,  0.082,  0.083,  0.091,  0.083,  0.086,  0.060,  0.065,  0.061,  0.027,  0.000}, 
{  0.030,  0.074,  0.060,  0.058,  0.060,  0.093,  0.092,  0.091,  0.082,  0.098,  0.091,  0.088,  0.088,  0.090,  0.086,  0.061,  0.096,  0.069,  0.000,  0.027}, 
{  0.046,  0.000,  0.059,  0.070,  0.098,  0.080,  0.103,  0.135,  0.124,  0.135,  0.119,  0.126,  0.106,  0.115,  0.101,  0.094,  0.096,  0.080,  0.046,  0.000}, 
{  0.000,  0.000,  0.000,  0.000,  0.000,  0.000,  0.088,  0.105,  0.129,  0.125,  0.128,  0.145,  0.157,  0.187,  0.177,  0.117,  0.136,  0.171,  0.000,  0.000}, 
{  0.000,  0.000,  0.000,  0.000,  0.000,  0.152,  0.179,  0.000,  0.000,  0.354,  0.187,  0.000,  0.132,  0.000,  0.250,  0.179,  0.204,  0.153,  0.000,  0.000}, 
{  0.000,  0.000,  0.000,  0.000,  0.000,  0.000,  0.000,  0.000,  0.000,  0.000,  0.000,  0.000,  0.000,  0.000,  0.354,  0.000,  0.000,  0.000,  0.000,  0.000}};
