double Efficiency[2][NumOfMomHist][NbinCos] = { 
{ {  0.300,  0.370,  0.362,  0.359,  0.387,  0.385,  0.366,  0.336,  0.356,  0.344,  0.320,  0.319,  0.318,  0.295,  0.200,  0.000,  0.000,  0.000,  0.000,  0.326}, 
{  0.421,  0.502,  0.525,  0.481,  0.455,  0.476,  0.494,  0.496,  0.416,  0.425,  0.451,  0.401,  0.390,  0.354,  0.369,  0.385,  0.000,  0.000,  0.000,  0.200}, 
{  0.524,  0.554,  0.627,  0.629,  0.545,  0.587,  0.594,  0.504,  0.486,  0.525,  0.504,  0.452,  0.493,  0.466,  0.421,  0.365,  0.500,  0.000,  0.000,  0.128}}, 
{ {  0.259,  0.336,  0.328,  0.336,  0.377,  0.374,  0.343,  0.320,  0.343,  0.331,  0.318,  0.314,  0.316,  0.295,  0.200,  0.000,  0.000,  0.000,  0.000,  0.326}, 
{  0.392,  0.480,  0.500,  0.449,  0.450,  0.465,  0.472,  0.478,  0.410,  0.418,  0.434,  0.398,  0.384,  0.354,  0.369,  0.385,  0.000,  0.000,  0.000,  0.200}, 
{  0.524,  0.486,  0.602,  0.577,  0.495,  0.532,  0.555,  0.488,  0.466,  0.518,  0.504,  0.439,  0.486,  0.466,  0.421,  0.359,  0.500,  0.000,  0.000,  0.122}}};
double Efficiency_err[2][NumOfMomHist][NbinCos] = { 
{ {  0.029,  0.027,  0.024,  0.023,  0.022,  0.021,  0.020,  0.018,  0.018,  0.018,  0.018,  0.018,  0.024,  0.039,  0.103,  0.000,  0.000,  0.000,  0.000,  0.039}, 
{  0.038,  0.033,  0.035,  0.034,  0.034,  0.030,  0.033,  0.030,  0.028,  0.029,  0.026,  0.027,  0.025,  0.026,  0.038,  0.095,  0.000,  0.000,  0.000,  0.048}, 
{  0.063,  0.058,  0.053,  0.049,  0.050,  0.047,  0.043,  0.045,  0.041,  0.042,  0.047,  0.040,  0.042,  0.036,  0.034,  0.039,  0.094,  0.000,  0.000,  0.011}}, 
{ {  0.028,  0.026,  0.023,  0.023,  0.022,  0.021,  0.020,  0.018,  0.018,  0.018,  0.018,  0.018,  0.024,  0.039,  0.103,  0.000,  0.000,  0.000,  0.000,  0.039}, 
{  0.037,  0.033,  0.035,  0.034,  0.034,  0.030,  0.033,  0.030,  0.028,  0.029,  0.026,  0.027,  0.025,  0.026,  0.038,  0.095,  0.000,  0.000,  0.000,  0.048}, 
{  0.063,  0.058,  0.054,  0.050,  0.050,  0.048,  0.044,  0.045,  0.041,  0.042,  0.047,  0.040,  0.042,  0.036,  0.034,  0.038,  0.094,  0.000,  0.000,  0.011}}};
