double Efficiency[2][NumOfMomHist][NbinCos] = { 
{ {  0.932,  0.970,  0.985,  0.987,  0.993,  0.989,  0.984,  0.990,  0.988,  0.989,  0.989,  0.997,  0.984,  0.971,  0.909,  0.818,  0.783,  0.900,  0.870,  0.855}, 
{  0.959,  0.983,  0.987,  0.994,  0.992,  0.995,  0.992,  0.992,  1.000,  0.996,  0.994,  0.996,  0.996,  0.995,  0.997,  0.966,  0.833,  0.556,  1.000,  0.854}, 
{  0.962,  0.981,  0.987,  0.983,  1.000,  0.996,  0.992,  0.989,  0.995,  0.990,  0.997,  0.994,  0.998,  0.997,  0.998,  0.994,  0.939,  0.000,  1.000,  0.257}}, 
{ {  0.897,  0.949,  0.965,  0.972,  0.961,  0.969,  0.957,  0.968,  0.974,  0.983,  0.985,  0.994,  0.974,  0.928,  0.909,  0.818,  0.739,  0.900,  0.826,  0.822}, 
{  0.927,  0.926,  0.924,  0.950,  0.927,  0.939,  0.958,  0.958,  0.955,  0.941,  0.968,  0.966,  0.969,  0.980,  0.987,  0.864,  0.667,  0.556,  1.000,  0.817}, 
{  0.893,  0.914,  0.938,  0.926,  0.947,  0.908,  0.919,  0.910,  0.966,  0.965,  0.972,  0.969,  0.981,  0.975,  0.982,  0.980,  0.909,  0.000,  0.500,  0.250}}};
double Efficiency_err[2][NumOfMomHist][NbinCos] = { 
{ {  0.009,  0.006,  0.004,  0.004,  0.003,  0.004,  0.004,  0.004,  0.004,  0.004,  0.005,  0.003,  0.009,  0.020,  0.061,  0.082,  0.086,  0.067,  0.050,  0.012}, 
{  0.007,  0.005,  0.004,  0.003,  0.004,  0.003,  0.004,  0.004,  0.000,  0.003,  0.003,  0.002,  0.002,  0.003,  0.003,  0.024,  0.152,  0.166,  0.000,  0.017}, 
{  0.010,  0.006,  0.005,  0.006,  0.000,  0.003,  0.004,  0.006,  0.004,  0.006,  0.003,  0.004,  0.002,  0.002,  0.002,  0.004,  0.042,  0.000,  0.000,  0.008}}, 
{ {  0.011,  0.008,  0.007,  0.006,  0.007,  0.006,  0.007,  0.007,  0.006,  0.005,  0.006,  0.004,  0.012,  0.031,  0.061,  0.082,  0.092,  0.067,  0.056,  0.013}, 
{  0.010,  0.010,  0.010,  0.008,  0.011,  0.010,  0.009,  0.009,  0.009,  0.010,  0.007,  0.007,  0.006,  0.006,  0.007,  0.045,  0.192,  0.166,  0.000,  0.019}, 
{  0.016,  0.013,  0.011,  0.012,  0.011,  0.014,  0.014,  0.015,  0.009,  0.010,  0.009,  0.009,  0.006,  0.006,  0.005,  0.008,  0.050,  0.000,  0.250,  0.008}}};
